%-------Yalmip 调用Cplex求解IES经济调度---------%
%算例数据程序


function IES = worui
%% 系统电负荷
%% MATPOWER Case Format : Version 2
IES.version = '2';

%%-----  Power Flow Data  -----%%
%% system MVA base
IES.baseMVA = 1;

%% bus data
%	bus_i	type	Pd	Qd	Gs	Bs	area	Vm	Va	baseKV	zone	Vmax	Vmin
IES.bus = [
	1	2	0	0	0	0	1	1	0	345	1	1.1	0.9;
	2	1	0	0	0	0	1	1	0	345	1	1.1	0.9;
	3	1	0	0	0	0	1	1	0	345	1	1.1	0.9;
	4	2	0	0	0	0	1	1	0	345	1	1.1	0.9;
	5	2	0	0	0	0	1	1	0	345	1	1.1	0.9;
	6	1	90	30	0	0	1	1	0	345	1	1.1	0.9;
	7	1	100	35	0	0	1	1	0	345	1	1.1	0.9;
	8	1	0	0	0	0	1	1	0	345	1	1.1	0.9;
	9	1	125	50	0	0	1	1	0	345	1	1.1	0.9;
];
%% branch data
%	fbus	tbus	r	x	b	rateA	rateB	rateC	ratio	angle	status	angmin	angmax
IES.branch = [
	1	4	0	0.0576	0	250	250	250	0	0	1	-360	360;
	4	5	0.017	0.092	0.158	250	250	250	0	0	1	-360	360;
	5	6	0.039	0.17	0.358	150	150	150	0	0	1	-360	360;
	3	6	0	0.0586	0	300	300	300	0	0	1	-360	360;
	6	7	0.0119	0.1008	0.209	150	150	150	0	0	1	-360	360;
	7	8	0.0085	0.072	0.149	250	250	250	0	0	1	-360	360;
	8	2	0	0.0625	0	250	250	250	0	0	1	-360	360;
	8	9	0.032	0.161	0.306	250	250	250	0	0	1	-360	360;
	9	4	0.01	0.085	0.176	250	250	250	0	0	1	-360	360;
];
% 水平有限，只考虑有功功率
IES.EleLoad = [2423,2408,2396,2411,2427,2956,3088,3506,3820,4545,4555,3573,3709,3510,3567,4141,4236,4303,4486,4204,3531,3251,2550,2504]; %系统的电负荷需求
%% 天然气系统
IES.GasBranch = [
%index fbus tbus c(k-n)
    1   2   1   0.070;
    2   4   2   0.404;
    3   2   5   0.390;
    4   5   3   0.100;
    5   6   5   0.150;
    ];
IES.GasBranch(:,4) = IES.GasBranch(:,4)+0.2;
IES.GasBus = [
%index PressureMax PressureMin
    1   77.0    0;
    2   77.0    0;
    3   80.0    0;
    4   80.0    0;
    5   77.0    0;
    6   80.0    0;
    ];
IES.GasSource = [
%index gasbus minW    maxW     cost(美元/Mm3)
    1   4       0       1.7391   0.085*1000000;
    2   6       0       1.26    0.085*1000000;
];
IES.GasSource(:,5) = IES.GasSource(:,5)*7;
IES.GasGen = [
%gasBus 
    1   ;
    3   ;
    2  ;
];
%% 冷系统
IES.ColdLoad = [1076,1067,1162,1050,1043,1043,1060,1069,998,885,888,852,850,843,827,855,854,865,975,981,984,1086,1089,1081]; %系统的冷负荷需求
%% 热力系统
IES.HeatLoad = 1/1000*[3663962.57032292,3646581.22852342,3779838.56665985,3565468.51122172,3376206.97445900,3420625.30102141,3447662.60462085,3490149.88664694,3121287.08790279,2933963.00604383,2937825.32459466,2959068.10338087,2764022.57954734,2767884.82525739,2586361.37899568,2796851.72525820,2769815.94879184,2955205.77662214,3117424.70403915,3092319.23970891,3090388.05237784,3312476.56001093,3494012.37220718,3468906.23198126];
end
